pose_tracking_test:
  ros__parameters:

    controller_name: "joint_trajectory_controller"

    pose_names: ["pose01", "pose02", "pose03", "pose04", "pose05", "pose06", "pose07", "pose08", "pose09"]
    # the first 3 values are for location (x,y,z), the last 4 values are for pose (x,y,z,w)
    pose01: [0.28, -0.2, 0.5,   0.924135, -0.382065, -0.00018, -0.000485]
    # waiting time for the current pose in ms
    pose01_wait: 6000

    pose02: [0.28, -0.2, 0.5,   0.0, 0.0, 0.0, 1.0]
    pose02_wait: 6000

    pose03: [0.30744, -0.0000178, 0.5903,   0.96296, -0.38249, 0.000023, -0.00003]
    pose03_wait: 6000

    pose04: [0.316581, 0.515877, 0.388593,   0.924, -0.382405, -0.0002, 0.000018]
    pose04_wait: 6000

    pose05: [-0.316581, -0.515877, 0.388593,   0.924, -0.382405, -0.00002, 0.00002]
    pose05_wait: 6000

    pose06: [0.316581, -0.515877, 0.388593,   0.924, -0.382405, -0.00002, 0.00002]
    pose06_wait: 6000

    pose07: [-0.316581, 0.515877, 0.388593,   0.924, -0.382405, -0.00002, 0.00002]
    pose07_wait: 6000

    pose08: [0.22, 0.0348, 1.2038,   -0.65, 0.00465, 0.75625, 0.0533]
    pose08_wait: 6000

    pose09: [0.40589,0.357684, 0.75333,   0.747626, 0.65632, 0.10129, -0.00635]
    pose09_wait: 6000
